version https://git-lfs.github.com/spec/v1
oid sha256:2f7d1ea8a3b5300b9b843e3e49f2f18c04ec5af1aac03805cd7947e487cf5d6e
size 178169
